222
222222
222222
222222
222222
222222
222222
222222
222222
222222
222222
222222
222222
222222
222222
222222
222222
222222
222222
222222
222222
222222
222222
222222
222222
222222
222222
222222
222222
222222
222222
222222
222222
222222
222222
222222
222222
222222
222222
222222
222222
222222
222222
222222
222222
222222
222222
222222
222222
222222
222222
222222
222222
222222
222222
222222
222222
222222
222222
222222
222222
222222
222222
222222
222222
222222
222222
222222
222222
222222
222222
222222
222222
222222
222222
222222
222222
222222
222222
222222
222222
222222
222222
222222
222222
222222
222222
222222
222222
222222
222222
222222
222222
222222
222222
222222
222222
222222
222222
222222
222222
222222
222222
222222
222222
22d22222224
222222
222222
222222
222222
222222
222222
222222
222222
222222
222222
222222
222222
222222
222222
222222
222222
222222
222222
222222
222222
222222
222222
222222
222222
222222
222222
222222
222222
222222
222222
222222
222222
222222
222222
222222
222222
222222
222222
222222
222222
222222
222222
222222
222222
222222
222222
222222
222222
222222
222222
222222
222222
222222
222222
222222
222222
222222
222222
222222
2222
222222
222222
222222
222222
222222
222222
222222
222222
222222
222222
222222
222222
222222
222222
222222
222222
222222
222222
222222
222222
222222
222222
222222
222222
222222
222222
222222
222222
222222

222
222222
222222
222222
222222
222222
222222
222222
222222
222222
222222
222222
222222
222222
222222
222222
222222
222222
222222
222222
222222
222222
222222
222222
222222
22
